Название	x	y	h
1	67642,596	54061,796	138,3
2	67660,465	54032,041	138,3
3	67682,208	54000,374	138,3
4	67701,6	53965,496	138,3
5	67722,861	53934,897	138,3
6	67741,677	53914,873	138,3
7	67760,06	53917,103	138,3
8	67784,349	53915,483	138,3
9	67792,682	53897,654	138,3
10	67802,575	53887,019	138,3
11	67787,942	53864,804	138,3
12	67786,631	53825,983	138,3
13	67824,162	53759,9	138,3
14	67868,262	53690,083	138,3
15	67914,364	53622,53	138,3
16	67958,291	53554,271	138,3
17	67989,144	53500,866	138,3
18	68040,141	53448,75	138,3
19	68097,838	53388,349	138,3
20	68127,159	53329,245	138,3
21	68139,037	53295,694	138,3
22	68162,009	53244,433	138,3
23	68229,788	53221,942	138,3
24	68254,199	53229,874	138,3
25	68232,732	53308,722	138,3
26	68205,769	53367,876	138,3
27	68172,734	53435,943	138,3
28	68138,083	53506,062	138,3
29	68098,939	53562,662	138,3
30	68056,238	53634,055	138,3
31	68015,853	53681,831	138,3
32	67974,451	53728,83	138,3
33	67928,618	53793,137	138,3
34	67879,254	53856,056	138,3
35	67842,972	53899,215	138,3
36	67817,691	53925,321	138,3
37	67790,402	53948,553	138,3
38	67759,252	53974,895	138,3
39	67733,741	54003,261	138,3
40	67711,92	54037,479	138,3
41	67695,032	54068,399	138,3
42	67685,417	54087,037	138,3
43	67736,654	54086,333	138,3
44	67781,879	54084,443	138,3
45	67820,128	54085,134	138,3
46	67835,271	54061,398	138,3
47	67915,011	54000,338	138,3
48	67949,49	53975,3	138,3
49	67995,011	53939,632	138,3
50	68052,717	53892,439	138,3
51	68115,127	53833,474	138,3
52	68170,289	53763,651	138,3
53	68229,599	53704,876	138,3
54	68290,925	53649,464	138,3
55	68319,818	53615,916	138,3
56	68370,71	53528,505	138,3
57	68402,261	53470,553	138,3
58	68433,549	53422,43	138,3
59	68458,835	53369,213	138,3
60	68470,184	53324,882	138,3
61	68471,523	53286,4	138,3
62	68468,494	53237,665	138,3
63	68471,754	53198,887	138,3
64	68469,861	53168,347	138,3
65	68533,659	53193,81	138,3
66	68588,215	53209,459	138,3
67	68655,075	53235,371	138,3
68	68650,671	53279,409	138,3
69	68619,248	53339,202	138,3
70	68574,611	53394,746	138,3
71	68521,213	53451,162	138,3
72	68471,322	53504,708	138,3
73	68425,023	53564,54	138,3
74	68364,084	53636,696	138,3
75	68324,335	53694,604	138,3
76	68274,159	53778,212	138,3
77	68250,653	53831,22	138,3
78	68212,218	53888,294	138,3
79	68165,854	53920,485	138,3
80	68075,337	53969,854	138,3
81	68019,043	54001,492	138,3
82	67988,713	54040,652	138,3
83	67997,793	54063,221	138,3
84	67675,554	54059,948	138,3
85	67752,992	54059,41	138,3
86	67840,874	54060,991	138,3
87	67898,993	54046,523	138,3
88	67980,085	54032,272	138,3
89	68051,12	54016,655	138,3
90	68125,343	54038,898	138,3
91	68176,125	53997,107	138,3
92	68240,745	53938,993	138,3
93	68293,96	53880,163	138,3
94	68346,248	53825,532	138,3
95	68386,659	53780,061	138,3
96	68425,557	53743,247	138,3
97	68468,222	53686,948	138,3
98	68514,121	53640,158	138,3
99	68566,852	53596,235	138,3
100	68629,829	53542,005	138,3
101	68684,361	53489,892	138,3
102	68713,877	53459,202	138,3
103	68736,726	53446,017	138,3
104	68742,331	53519,614	138,3
105	68778,906	53601,303	138,3
106	68805,315	53639,161	138,3
107	68756,845	53684,229	138,3
108	68701,252	53732,808	138,3
109	68639,987	53775,861	138,3
110	68585,737	53823,688	138,3
111	68523,967	53878,012	138,3
112	68469,329	53914,716	138,3
113	68420,584	53940,133	138,3
114	68409,064	53964,772	138,3
115	68432,214	53981,43	138,3
116	68422,007	54014,226	138,3
117	68339,987	54058,282	138,3
118	68282,062	54074,436	138,3
119	68254,361	54083,037	138,3
120	68349,318	54140,687	138,3
121	68420,749	54207,561	138,3
122	68462,036	54255,31	138,3
123	68525,834	54217,19	138,3
124	68590,289	54160,215	138,3
125	68624,011	54104,244	138,3
126	68677,87	54012,355	138,3
127	68721,257	53946,127	138,3
128	68762,118	53885,12	138,3
129	68805,913	53847,229	138,3
130	68850,064	53785,752	138,3
131	68899,817	53743,772	138,3
132	68932,38	53720,775	138,3
133	69005,87	53752,161	138,3
134	69037,333	53861,469	138,3
135	69044,404	53931,19	138,3
136	69078,862	53964,858	138,3
137	69052,119	54011,873	138,3
138	69017,41	54053,173	138,3
139	68970,706	54098,253	138,3
140	68911,861	54147,546	138,3
141	68852,838	54229,335	138,3
142	68776,183	54318,526	138,3
143	68702,409	54401,534	138,3
144	68634,79	54470,189	138,3
145	68565,952	54522,482	138,3
146	68510,303	54566,404	138,3
147	68476,395	54602,392	138,3
148	68511,142	54771,849	138,3
149	68572,036	54899,214	138,3
150	68620,734	54862,756	138,3
151	68682,869	54816,519	138,3
152	68745,587	54764,314	138,3
153	68838,783	54707,107	138,3
154	68922,83	54645,352	138,3
155	69023,161	54578,573	138,3
156	69092,702	54530,68	138,3
157	69167,999	54469,238	138,3
158	69236,713	54393,253	138,3
159	69282,613	54327,542	138,3
160	69315,938	54260,95	138,3
161	69347,884	54188,489	138,3
162	69366,15	54138,768	138,3
163	69375,199	54103,872	138,3
164	69384,571	54066,302	138,3
165	69467,975	54056,746	138,3
166	69517,613	54015,779	138,3
167	69556,093	54106,772	138,3
168	69575,761	54173,999	138,3
169	69557,618	54187,013	138,3
170	69519,887	54213,276	138,3
171	69477,448	54244,241	138,3
172	69420,611	54272,192	138,3
173	69374,237	54316,043	138,3
174	69312,314	54374,32	138,3
175	69255,002	54442,195	138,3
176	69202,818	54509,775	138,3
177	69152,498	54587,304	138,3
178	69114,68	54670,576	138,3
179	69074,603	54743,921	138,3
180	69031,431	54797,133	138,3
181	68992,488	54847,218	138,3
182	68930,864	54913,751	138,3
183	68885,133	54966,577	138,3
184	68826,856	55020,465	138,3
185	68802,284	55052,177	138,3
186	68858,416	55037,552	138,3
187	68917,41	54998,678	138,3
188	68940,057	54966,304	138,3
189	68955,969	54955,364	138,3
190	69087,229	54853,668	138,3
191	69151,296	54862,836	138,3
192	69226,569	54917,771	138,3
194	69342,694	54993,107	138,3
195	69377,816	54968,387	138,3
196	69419,037	54922,196	138,3
197	69465,27	54851,959	138,3
198	69500,641	54785,095	138,3
199	69558,712	54725,784	138,3
200	69597,92	54684,196	138,3
201	69647,714	54643,581	138,3
202	69679,701	54614,743	138,3
203	69700,859	54599,221	138,3
204	69715,468	54641,395	138,3
205	69729,611	54687,326	138,3
206	69713,362	54722,335	138,3
207	69678,532	54773,75	138,3
208	69636,387	54823,336	138,3
209	69605,39	54862,63	138,3
210	69570,361	54917,006	138,3
211	69527,915	54955,573	138,3
212	69580,502	54958,528	138,3
213	69625,691	54940,39	138,3
214	69679,687	54915,688	138,3
215	69709,127	54869,714	138,3
216	69721,842	54842,665	138,3
217	69748,989	54805,006	138,3
218	67899,809	57262,907	138,3
219	67863,28	57229,834	138,3
220	67816,809	57189,326	138,3
221	67788,745	57135,611	138,3
222	67781,739	57122,372	138,3
223	67732,052	57099,599	138,3
224	67701,878	57067,961	138,3
225	67700,116	57014,16	138,3
226	67683,556	56956,592	138,3
227	67664,675	56897,631	138,3
228	67668,042	56826,434	138,3
229	67676,074	56753,182	138,3
230	67673,64	56673,142	138,3
231	67679,605	56590,739	138,3
232	67667,996	56519,702	138,3
233	67661,88	56433,51	138,3
234	67663,565	56340,521	138,3
235	67636,507	56278,919	138,3
236	67597,822	56233,088	138,3
237	67543,764	56189,529	138,3
238	67509,94	56159,931	138,3
239	67502,984	56288,435	138,3
240	67495,354	56359,103	138,3
241	67501,132	56486,059	138,3
242	67480,997	56506,106	138,3
243	67513,304	56553,572	138,3
244	67536,847	56624,547	138,3
245	67546,628	56688,246	138,3
246	67567,453	56787,265	138,3
247	67579,952	56889,324	138,3
248	67587,585	56992,05	138,3
249	67595,931	57114,88	138,3
250	67606,319	57232,471	138,3
251	67620,639	57334,601	138,3
252	67627,881	57399,766	138,3
253	67637,168	57499,973	138,3
254	67586,198	57543,662	138,3
255	67546,077	57579,367	138,3
256	67451,005	57631,879	138,3
257	67447,352	57638,507	138,3
258	67370,265	57662,674	138,3
259	67325,734	57677,609	138,3
260	67309,745	57631,052	138,3
261	67292,939	57577,009	138,3
262	67279,852	57534,007	138,3
263	67265,993	57476,932	138,3
264	67257,681	57421,73	138,3
265	67243,714	57360,492	138,3
266	67237,617	57316,663	138,3
267	67228,961	57267,434	138,3
268	67223,007	57209,889	138,3
269	67216,119	57140,67	138,3
270	67208,183	57073,795	138,3
271	67205,104	57018,228	138,3
272	67202,829	56953,774	138,3
273	67187,389	56903,017	138,3
274	67178,927	56841,457	138,3
275	67176,958	56795,56	138,3
276	67174,809	56763,642	138,3
277	67100,047	56773,638	138,3
278	67033,638	56834,818	138,3
279	66987,227	56913,128	138,3
280	66961,591	56966,549	138,3
281	66984,202	57058,724	138,3
282	67000,724	57121,397	138,3
283	67019,129	57187,863	138,3
284	67038,722	57262,279	138,3
285	67062,187	57350,183	138,3
286	67078,412	57423,373	138,3
287	67098,18	57507,135	138,3
288	67110,023	57572,516	138,3
289	67121,044	57630,985	138,3
290	67139,569	57688,872	138,3
291	67174,083	57761,391	138,3
292	67194,761	57783,016	138,3
293	67145,641	57820,632	138,3
294	67034,789	57875,869	138,3
295	66995,383	57883,375	138,3
296	66962,868	57840,512	138,3
297	66939,845	57787,691	138,3
298	66924,019	57736,847	138,3
299	66907,421	57690,8	138,3
300	66897,571	57639,622	138,3
301	66887,329	57585,513	138,3
302	66866,327	57534,352	138,3
303	66841,825	57484,27	138,3
304	66824,458	57427,373	138,3
305	66822,418	57384,361	138,3
306	66817,748	57327,161	138,3
307	66806,35	57283,023	138,3
308	66821,603	57225,047	138,3
309	66828,197	57169,939	138,3
310	66828,719	57114,654	138,3
311	66814,444	57095,651	138,3
312	66790,231	57094,421	138,3
313	66778,017	57245,397	138,3
314	66766,938	57362,641	138,3
315	66804,633	57426,846	138,3
316	66768,464	57513,596	138,3
317	66724,232	57595,756	138,3
318	66647,988	57625,351	138,3
319	66583,854	57723,867	138,3
320	66542,693	57780,475	138,3
321	66485,38	57864,018	138,3
322	66434,8	57946,555	138,3
323	66492,551	57988,446	138,3
324	66574,535	57992,574	138,3
325	66648,078	57980,791	138,3
326	66707,837	57960,684	138,3
327	66772,845	57958,008	138,3
D1 	67954,238	54101,808	143,7
D2 	67915,608	54110,627	143,6
MGS100 	66256,152	54739,803	145,7
MGS101 	66023,311	54751,192	145,5
MGS105 	65514,069	55690,554	144,9
MGS109 	64790,383	57201,626	145,4
MGS115 	65697,401	57987,69	144,7
MGS122 	66735,74	58254,133	145,5
MGS123 	67139,123	58138,833	145,7
MGS124 	67306,547	58006,649	145,0
MGS125 	67480,43	57865,398	145,3
MGS126 	67742,634	57649,31	145,4
MGS127 	67833,428	57578,123	145,2
MGS128 	68013,14	57498,789	145,7
MGS129 	68261,929	57301,565	145,0
MGS135 	68050,73	55881,265	145,1
MGS136 	68150,827	55492,74	145,4
MGS18 	67669,792	53955,331	145,7
MGS21 	68729,609	55296,002	145,3
MGS94 	67320,269	54147,61	145,4
MGS97 	66659,201	54594,042	145,7
MGS98 	66491,082	54686,419	145,8
MIS 	68417,111	53986,382	144,7
P1 	68031,11	57462,864	145,0
P10 	67722,107	57383,415	139,3
P100 	67968,073	55077,21	138,7
P101 	68237,823	55453,531	144,4
P102 	68028,097	55166,444	138,5
P103 	68167,443	55391,222	144,1
P104 	68114,113	55285,069	138,5
P105 	68246,792	55397,06	138,3
P106 	68365,155	55397,047	138,3
P107 	68502,135	55354,673	138,3
P108 	68037,7	55006,19	138,8
P109 	68330,587	55289,892	138,3
P11 	68129,473	57109,839	142,2
P110 	68112,644	54925,262	138,6
P111 	68466,559	55207,004	138,2
P112 	68153,287	54836,244	138,7
P113 	68476,084	55156,862	138,2
P114 	68206,788	54720,749	138,4
P115 	68522,654	55132,257	138,3
P116 	68525,873	55002,793	138,2
P117 	68277,64	54661,706	138,2
P118 	68514,24	54853,049	138,2
P119 	68168,363	54604,216	138,2
P12 	68139,898	57104,387	139,4
P120 	68451,235	54663,678	138,2
P121 	68056,772	54602,843	138,4
P122 	68353,378	54786,463	138,5
P123 	67919,959	54512,322	138,5
P124 	68249,747	54852,002	138,6
P125 	67861,524	54567,303	138,4
P126 	68272,434	54949,43	138,6
P127 	68309,891	55066,344	138,5
P128 	67916,328	54511,598	138,3
P129 	68213,438	55075,85	138,6
P13 	68189,933	57129,636	139,3
P130 	67981,881	54532,237	138,4
P131 	68064,448	55068,83	138,7
P132 	68007,281	54994,062	138,8
P133 	67962,624	54937,407	138,6
P134 	67891,439	54964,432	138,8
P135 	67866,01	54942,482	138,6
P136 	67821,522	54735,914	138,5
P137 	67884,219	54772,25	138,6
P138 	68005,652	54860,157	138,8
P139 	68003,774	57454,595	140,4
P14 	68201,796	57140,109	144,2
P140 	67596,783	57582,783	141,8
P141 	67593,532	57582,873	144,0
P142 	67957,925	57382,205	140,0
P143 	67583,286	57584,28	144,1
P144 	67964,053	57366,569	143,8
P145 	67582,987	57593,622	143,2
P146 	67837,089	57398,305	143,0
P147 	67476,788	57747,318	143,5
P148 	67770,636	57535,57	141,3
P149 	67336,287	57807,157	143,8
P15 	68207,606	57166,124	143,9
P150 	67326,441	57808,195	144,4
P151 	67920,7	57490,998	140,5
P152 	67659,55	57664,28	141,9
P153 	67619,919	57647,066	143,0
P154 	67659,837	57688,201	144,2
P155 	67649,689	57694,069	142,9
P156 	67395,407	57905,418	144,6
P157 	67326,226	57820,407	144,2
P158 	67280,227	57752,784	142,6
P159 	67276,26	57768,416	139,0
P16 	68204,616	57187,347	142,4
P160 	67387,884	57876,009	144,2
P161 	67401,618	57900,737	144,6
P162 	67028,456	57978,189	139,0
P163 	67038,171	58024,326	139,3
P164 	67195,97	58005,222	143,7
P165 	67012,206	57971,891	144,3
P166 	67038,353	58047,334	144,4
P167 	67086,692	58144,009	144,4
P168 	67053,467	58162,348	144,6
P169 	67040,891	58129,362	143,9
P17 	68314,762	57226,961	142,6
P170 	67014,255	58031,501	139,6
P171 	67003,555	57986,825	139,2
P172 	67020,999	58051,551	143,7
P173 	66857,54	58045,017	139,2
P174 	66881,111	58122,749	143,6
P175 	66727,394	58051,978	138,9
P176 	66736,447	58099,782	139,7
P177 	66749,52	58199,151	144,4
P178 	66744,767	58201,361	144,9
P179 	66728,138	58114,841	143,9
P18 	68325,348	57221,351	144,3
P180 	66735,039	58121,665	143,9
P181 	66713,524	58043,199	143,6
P182 	66725,734	58125,184	143,6
P183 	66714,721	58103,964	139,1
P184 	66707,903	58099,254	138,9
P185 	66630,278	58181,325	143,8
P186 	67020,423	58150,493	148,4
P187 	66494,164	58184,8	143,3
P188 	66483,761	58177,91	144,1
P189 	66490,268	58256,385	143,3
P19 	68329,688	57212,575	143,3
P190 	66760,747	58209,448	148,2
P191 	66748,59	58214,066	144,8
P192 	66481,552	58244,16	148,1
P193 	66717,592	58223,111	148,5
P194 	66475,975	58093,358	143,6
P195 	66412,439	58065,85	143,8
P196 	66383,823	58142,366	144,1
P197 	66472,545	58193,281	143,3
P198 	66039,219	57986,018	143,8
P199 	66470,146	58257,319	143,3
P2 	68111,555	57076,83	139,0
P20 	68365,819	57155,2	143,3
P200 	66079,112	57917,8	142,9
P201 	66353,909	58217,259	143,7
P202 	66081,679	57933,91	139,2
P203 	66338,67	58128,687	143,7
P204 	66262,614	58134,631	143,4
P205 	66187,538	58143,205	143,4
P206 	66394,331	58153,009	143,6
P207 	66205,921	58071,28	143,3
P208 	66186,968	58058,292	143,3
P209 	66368,025	58225,055	143,6
P21 	68129,985	57141,732	139,1
P210 	65711,015	57841,568	143,1
P211 	66148,545	58126,382	143,3
P212 	66367,197	58243,577	147,4
P213 	66112,57	58072,165	143,3
P214 	65740,988	57768,081	143,7
P215 	66062,464	58004,018	143,5
P216 	65747,644	57782,741	139,2
P217 	66333,679	58227,475	148,3
P218 	66028,026	58073,462	143,6
P219 	65886,595	57976,181	142,9
P22 	68303,128	57066,797	143,4
P220 	65702,075	57852,484	141,8
P221 	65814,092	57897,752	142,2
P222 	66151,393	58144,785	148,0
P223 	65765,766	57957,653	142,1
P224 	65676,734	57919,296	142,3
P225 	65669,026	57914,658	143,6
P226 	65457,528	57701,196	144,1
P227 	65446,653	57701,747	143,3
P228 	65651,63	57905,42	142,9
P229 	65690,959	57835,131	142,9
P23 	68072,005	57226,828	139,1
P230 	65403,648	57795,478	143,6
P231 	65372,187	57728,217	143,4
P232 	65560,234	57815,233	143,1
P233 	65350,04	57648,627	143,6
P234 	65340,32	57638,293	143,8
P235 	65421,342	57803,566	143,5
P236 	65691,86	57943,939	148,0
P237 	65305,272	57752,42	143,0
P238 	65462,557	57716,141	143,1
P239 	65294,693	57746,829	143,0
P24 	68162,117	57183,477	139,6
P240 	65592,137	57897,892	148,1
P241 	65268,634	57658,918	142,6
P242 	65349,519	57585,045	142,4
P243 	65363,288	57575,673	144,7
P244 	65368,252	57565,715	144,8
P245 	65174,253	57692,316	142,8
P246 	65405,991	57814,449	148,2
P247 	65372,934	57612,95	139,9
P248 	65054,595	57639,028	143,1
P249 	65257,249	57526,956	142,5
P25 	68281,902	56914,683	143,8
P250 	65252,336	57508,61	146,7
P251 	65077,715	57432,677	147,7
P252 	64983,496	57504,11	147,9
P253 	64984,12	57447,215	143,6
P254 	64898,949	57563,012	149,0
P255 	64913,239	57537,43	143,4
P256 	64983,971	57336,211	144,2
P257 	65167,294	57662,446	142,8
P258 	64913,7	57394,29	143,9
P259 	64958,196	57254,673	143,3
P26 	68270,658	56881,173	144,0
P260 	65236,936	57511,253	142,5
P261 	64871,416	57278,358	144,0
P262 	64875,778	57265,899	147,9
P263 	65077,988	57546,418	143,1
P264 	65139,218	57310,485	141,3
P265 	65048,076	57431,937	143,2
P266 	64919,719	57264,587	143,8
P267 	65097,815	57373,239	141,0
P268 	65068,723	57402,157	143,6
P269 	64936,277	57252,638	147,8
P27 	68230,608	57160,974	143,2
P270 	65194,208	57325,084	141,0
P271 	65257,201	57274,055	140,7
P272 	65046,224	57222,135	148,1
P273 	64949,92	57594,035	143,8
P274 	65048,304	57229,952	143,1
P275 	65204,086	57224,293	141,1
P276 	65113,442	57194,611	141,8
P277 	65062,146	57186,056	142,2
P278 	64970,517	57497,95	143,5
P279 	64937,301	57249,018	147,8
P28 	68190,761	57129,628	139,3
P280 	64924,983	57242,383	145,0
P281 	64905,26	57065,638	147,9
P282 	64899,225	57074,845	144,7
P283 	64848,537	57267,261	148,8
P284 	64866,869	57256,29	145,2
P285 	64893,502	57055,738	143,9
P286 	64837,365	57086,514	144,6
P287 	64816,85	57081,245	148,7
P288 	64833,569	57051,386	143,9
P289 	64887,39	56849,119	147,9
P29 	68180,84	56769,195	143,5
P290 	64832,498	56981,725	143,9
P291 	64877,243	56861,094	143,9
P292 	64882,2	56974,642	143,9
P293 	64825,738	56865,983	143,7
P294 	64856,838	56947,001	144,1
P295 	64802,837	56860,868	149,0
P296 	64823,591	56846,621	143,7
P297 	64889,94	56577,431	144,3
P298 	64787,122	57839,476	143,4
P299 	64921,781	57058,869	143,4
P3 	68032,042	57455,218	141,9
P30 	68140,428	57103,92	139,3
P300 	65021,578	56587,835	146,5
P301 	64844,023	56726,921	143,6
P302 	65066,502	56585,089	142,5
P303 	64869,859	56633,93	142,8
P304 	65023,439	56996,104	143,5
P305 	65213,927	56512,479	142,8
P306 	64804,763	56621,713	142,9
P307 	65033,405	57075,108	143,3
P308 	65343,825	56456,687	141,9
P309 	64787,127	56618,958	147,9
P31 	68129,126	57000,093	139,1
P310 	65042,572	57075,096	142,5
P311 	65368,347	56594,513	141,3
P312 	65175,84	57116,259	141,4
P313 	64788,087	56551,02	148,1
P314 	65301,887	56730,991	141,3
P315 	65326,181	57139,761	140,5
P316 	64808,768	56523,193	148,1
P317 	65209,405	56681,509	141,9
P318 	64823,211	56541,446	142,9
P319 	65455,879	57127,304	140,0
P32 	68168,248	56985,551	139,3
P320 	65114,124	56649,171	142,2
P321 	65063,787	56600,69	142,2
P322 	64900,836	56599,361	143,2
P323 	65435,752	56965,971	140,4
P324 	64969,396	56706,713	142,6
P325 	65359,673	56878,039	140,9
P326 	64975,082	56814,903	142,9
P327 	65287,572	56896,586	141,2
P328 	65223,731	56904,472	141,6
P329 	65017,465	56873,118	143,1
P33 	68174,468	56958,365	143,9
P330 	65127,26	56903,39	142,2
P331 	65035,317	56858,548	142,5
P332 	65091,776	56983,571	142,8
P333 	65077,516	56801,415	142,0
P334 	65069,958	56996,459	143,0
P335 	65028,71	56959,212	143,3
P336 	65019,809	56957,446	143,3
P337 	64914,046	56946,674	144,1
P338 	64911,321	56886,675	143,4
P339 	64876,678	56579,193	142,9
P34 	68142,763	56532,486	143,9
P340 	64952,42	56575,851	142,7
P341 	65091,562	56388,246	143,8
P342 	65060,74	56571,731	142,1
P343 	65165,146	56433,683	143,7
P344 	64885,777	56552,947	142,9
P345 	65184,352	56437,679	143,2
P346 	65278,687	56408,862	142,5
P347 	64945,154	56448,867	143,3
P348 	64987,373	56350,019	143,9
P349 	65394,279	56332,082	141,6
P35 	68130,228	56521,293	143,7
P350 	65051,737	56379,281	143,7
P351 	65438,73	56245,863	141,6
P352 	65253,149	56178,514	147,8
P353 	65016,129	56318,973	144,0
P354 	65434,094	56160,229	142,2
P355 	65008,568	56306,268	148,0
P356 	65428,257	56154,008	142,6
P357 	65238,743	56177,169	143,3
P358 	65392,111	56108,726	142,6
P359 	65193,01	56124,072	142,8
P36 	68111,774	56996,048	142,5
P360 	65345,226	56162,051	143,0
P361 	65332,585	56261,204	143,1
P362 	65340,049	55955,041	142,4
P363 	65224,805	56303,065	143,1
P364 	65313,92	55966,809	148,6
P365 	65291,397	56037,903	143,1
P366 	65115,806	56348,087	143,6
P367 	65246,636	56156,715	143,0
P368 	65538,791	55718,265	146,9
P369 	65636,996	55639,759	143,5
P37 	68106,975	56954,469	139,5
P370 	65682,61	55689,754	144,0
P371 	65697,492	55693,068	145,9
P372 	65465,414	56032,02	142,4
P373 	65411,592	55988,361	142,4
P374 	65508,265	56068,737	142,6
P375 	65628,864	55625,806	148,0
P376 	65357,973	55944,653	142,8
P377 	65533,612	55998,998	142,4
P378 	65731,618	55517,017	148,3
P379 	65581,723	55922,284	142,4
P38 	68112,733	56437,641	142,9
P380 	65494,343	55844,454	143,2
P381 	65764,009	55533,797	143,2
P382 	65656,607	55900,352	142,7
P383 	65787,71	55576,251	143,0
P384 	65580,838	55695,646	143,3
P385 	65802,508	55578,05	145,2
P386 	65639,278	55740,982	142,9
P387 	65753,803	55784,975	143,0
P388 	65767,802	55776,067	143,4
P389 	65783,274	55769,992	143,7
P39 	68060,432	56301,41	142,9
P390 	65882,719	55523,51	143,0
P391 	65736,619	55830,689	143,1
P392 	65696,255	55920,694	142,7
P393 	65862,358	55694,487	142,7
P394 	66007,786	55571,062	142,5
P395 	65786,784	55972,038	142,2
P396 	65920,679	55647,837	142,3
P397 	66078,444	55584,187	142,0
P398 	65895,404	56026,934	141,4
P399 	66191,05	55585,498	141,3
P4 	67982,706	57378,495	141,5
P40 	68137,763	56920,197	139,7
P400 	65973,04	55770,767	141,5
P401 	66006,149	56082,816	140,6
P402 	66275,47	55577,356	141,0
P403 	66095,51	56130,446	140,2
P404 	66120,577	55863,68	140,6
P405 	66328,458	55542,586	140,8
P406 	66199,636	56172,229	139,8
P407 	66235,879	55485,639	141,3
P408 	66283,443	56225,74	139,6
P409 	66165,658	55465,312	141,7
P41 	68059,277	56144,228	143,7
P410 	66197,132	55996,6	140,0
P411 	66222,2	56161,396	139,8
P412 	66092,417	55451,748	141,9
P413 	66186,89	56043,321	140,1
P414 	66139,492	56096,47	140,1
P415 	66006,088	55448,302	142,1
P416 	66053,65	56021,718	140,6
P417 	65995,159	55486,488	143,6
P418 	66033,38	55922,837	140,8
P419 	65979,41	55946,934	141,1
P42 	67975,008	56150,849	143,4
P420 	65876,483	55856,144	142,3
P421 	65910,437	55803,931	142,1
P422 	65823,88	55802,062	143,2
P423 	66975,618	54817,985	142,7
P424 	67018,661	54805,517	142,1
P425 	67014,463	54916,467	141,4
P426 	66712,29	54627,525	143,9
P427 	67130,456	54771,574	141,4
P428 	67007,935	55028,013	140,8
P429 	66820,033	54747,828	143,5
P43 	67972,461	56144,253	143,8
P430 	67231,892	54738,703	140,8
P431 	67014,207	55152,131	140,1
P432 	66824,148	54849,68	144,7
P433 	66828,618	54858,268	141,6
P434 	67332,402	54705,767	140,1
P435 	66938,828	55202,272	139,9
P436 	66730,099	54889,706	140,8
P437 	67440,31	54672,316	139,5
P438 	66904,825	55134,585	140,2
P439 	66778,023	54949,761	140,7
P44 	67958,435	56142,147	143,9
P440 	66919,008	55042,916	140,6
P441 	66875,267	54942,503	141,0
P442 	66945,957	54951,034	141,2
P443 	66918,583	54890,38	141,5
P444 	67492,716	54746,862	139,1
P445 	67072,874	54821,786	141,7
P446 	67056,768	54885,037	141,4
P447 	67546,646	54817,106	138,8
P448 	67186,943	54830,667	140,9
P449 	67169,227	54908,54	140,7
P45 	68061,231	56108,539	144,4
P450 	67273,406	54932,078	140,0
P451 	67299,124	54836,057	140,2
P452 	67421,262	54807,632	139,5
P453 	67394,35	54866,358	139,5
P454 	67408,103	54952,908	139,2
P455 	67404,65	54726,71	139,6
P456 	67494,95	54889,912	138,9
P457 	67479,433	54699,337	139,3
P458 	67551,093	54632,261	139,1
P459 	67323,624	54786,459	140,2
P46 	68062,195	56111,983	144,8
P460 	67383,054	54871,906	139,6
P461 	67187,099	54785,645	141,1
P462 	67215,932	54844,566	140,7
P463 	66574,967	54938,245	141,2
P464 	66068,825	55086,904	142,7
P465 	66166,024	54793,505	143,4
P466 	66612,448	55020,269	141,1
P467 	66023,037	55108,646	142,8
P468 	66135,776	54919,122	142,9
P469 	66071,39	55125,241	142,7
P47 	68085,561	56760,148	139,4
P470 	66593,416	55063,964	141,1
P471 	66168,303	55162,682	142,4
P472 	66200,711	55035,474	147,2
P473 	66515,132	55064,162	141,5
P474 	66262,286	55199,934	141,9
P475 	66069,057	55064,73	147,5
P476 	66449,421	54975,326	141,7
P477 	66266,542	55289,187	141,8
P478 	66361,655	55026,35	142,1
P479 	65908,767	54941,441	146,8
P48 	68018,533	56583,846	139,9
P480 	66143,455	55311,376	142,1
P481 	66284,662	55061,267	142,4
P482 	66072,892	55311,902	142,2
P483 	66021,409	55305,199	142,2
P484 	65897,612	55140,795	147,7
P485 	66318,249	55140,045	142,0
P486 	65910,176	55140,024	143,1
P487 	66005,441	55425,224	142,4
P488 	66351,516	55202,486	141,6
P489 	65947,355	55102,375	142,7
P49 	67980,971	56586,125	139,7
P490 	66013,102	55130,306	142,6
P491 	65990,357	55559,692	142,6
P492 	66017,699	55166,3	143,0
P493 	65981,92	55548,645	142,7
P494 	66262,647	55118,181	142,4
P495 	65966,052	55558,999	142,3
P496 	66173,446	55069,569	142,5
P497 	65870,868	55510,346	143,7
P498 	65883,456	55509,413	142,6
P499 	65885,542	55458,52	144,5
P5 	67977,951	57374,815	143,6
P50 	67957,368	56580,278	142,9
P500 	65899,175	55468,528	142,6
P501 	65902,779	55451,687	142,2
P502 	65986,131	55486,307	142,6
P503 	65988,621	55464,622	142,3
P504 	65959,838	55430,141	142,6
P505 	65999,772	55380,007	143,0
P506 	66001,51	55367,69	143,2
P507 	65842,243	54872,918	142,7
P508 	65905,527	55347,263	143,0
P509 	65819,883	54867,423	148,1
P51 	68032,034	56781,952	140,1
P510 	65950,819	55286,112	142,6
P511 	66012,188	55271,12	143,1
P512 	66024,045	55259,239	142,4
P513 	65803,488	54951,641	148,6
P514 	65801,944	55078,36	148,5
P515 	65803,188	55195,447	148,4
P516 	65820,413	55165,652	143,7
P517 	65853,358	55297,93	143,2
P518 	65880,701	55162,418	142,7
P519 	65889,006	55062,282	143,4
P52 	68034,726	56467,477	142,4
P520 	65800,531	55461,295	143,1
P521 	65787,54	55431,165	148,4
P522 	65861,394	55018,398	143,4
P523 	65859,23	55492,263	142,8
P524 	65888,939	54944,59	142,9
P525 	65833,329	54896,526	142,7
P53 	68039,708	56812,779	139,3
P54 	68048,032	56548,352	143,2
P55 	68043,023	56569,025	143,6
P56 	67889,893	55913,586	141,3
P57 	67912,735	56042,374	139,4
P58 	67944,015	56132,549	144,0
P59 	67951,935	56141,188	143,9
P6 	67999,24	57098,128	138,9
P60 	67934,849	56165,462	139,1
P61 	68057,243	56109,015	144,3
P62 	67874,789	56170,89	139,0
P63 	67823,782	56161,407	138,9
P64 	67963,141	55933,098	143,5
P65 	67806,514	56069,238	138,9
P66 	67787,781	56000,748	138,9
P67 	68006,456	55706,464	144,4
P68 	67841,608	55969,324	139,1
P69 	67787,913	55941,698	138,9
P7 	67936,482	57291,913	140,5
P70 	67881,722	55743,533	143,3
P71 	67886,889	55731,444	144,2
P72 	67747,093	55922,433	138,9
P73 	67880,001	55722,334	143,2
P74 	67698,037	55837,997	138,9
P75 	68003,505	55690,167	143,7
P76 	67724,992	55800,814	139,0
P77 	67813,344	55817,324	139,1
P78 	67959,757	55555,78	143,3
P79 	67875,217	55834,832	139,5
P8 	67806,933	57319,753	139,3
P80 	68081,604	55427,188	143,5
P81 	67850,749	55683,485	139,4
P82 	68023,852	55317,916	143,2
P83 	67780,003	55694,358	139,1
P84 	67694,058	55682,582	138,9
P85 	67878,589	55412,189	142,9
P86 	67853,804	55473,319	142,9
P87 	67668,877	55581,082	139,1
P88 	67920,393	55545,86	143,1
P89 	67661,785	55478,366	138,9
P9 	67892,377	57067,175	138,9
P90 	67720,43	55466,175	139,1
P91 	67845,131	55451,988	143,8
P92 	67742,501	55429,171	138,9
P93 	67789,563	55397,711	139,2
P94 	67771,063	55517,56	139,3
P95 	67836,36	55550,604	139,4
P96 	67788,147	55647,763	139,2
P97 	67844,222	55652,656	139,3
P98 	68026,908	55181,23	143,0
P99 	67962,782	55076,346	141,9
X1 	68221,896	57082,074	148,8
X10 	64990,423	57498,523	147,9
X11 	64823,119	57086,625	148,6
X12 	64885,167	56707,471	147,9
X13 	65101,657	56341,485	147,7
X14 	65649,122	55743,83	147,9
X15 	66990,534	54812,526	144,1
X16 	66149,584	55056,916	147,6
X17 	65891,348	55233,532	146,9
X2 	67865,065	55736,082	144,4
X3 	67287,116	57743,469	142,5
X4 	67628,157	57637,022	144,2
X5 	67279,994	57845,115	144,1
X6 	67009,905	58043,847	145,0
X7 	66715,451	58116,058	143,9
X8 	66186,783	58090,221	147,6
X9 	65445,291	57728,267	148,7
